155.210495
154.3717041
154.53819275
154.77960205
154.68370056
154.83569336
156.42359924
159.7263031
164.28430176
168.93699646
172.6566925
175.16610718
176.14990234
175.45480347
172.769104
168.28729248
163.44960022
159.74549866
158.2519989
158.34950256
158.32330322
156.71569824
153.0993042
148.61230469
144.45489502
141.73210144
140.16690063
139.26919556
138.76359558
138.92329407
140.3789978
143.80430603
149.31419373
156.04139709
162.10850525
165.40679932
165.57029724
163.40100098
160.4703064
158.04040527
156.26930237
154.6598053
153.09669495
151.97309875
152.36390686
154.91679382
159.42630005
164.27180481
167.35299683
168.0579071
167.01849365
165.47219849
163.71429443
161.26130676
158.42030334
156.4703064
156.67480469
160.53610229
168.47019958
180.68359375
195.26060486
206.86650085
210.6605072
203.82380676
190.73599243
177.14360046
166.8506012
160.18980408
155.86999512
153.66400146
153.9078064
155.63499451
157.28210449
157.14889526
155.41389465
153.42610168
153.93600464
157.99519348
164.53860474
170.39790344
172.30729675
170.08050537
167.10839844
168.65890503
175.5039978
184.0355072
187.59260559
183.55870056
173.2723999
161.15730286
151.50419617
145.37280273
143.11169434
144.01019287
148.10079956
156.03919983
167.06869507
179.31260681
190.25639343
198.22239685
204.3618927
211.7144928
223.44909668
237.9342041
251.28379822
259.09719849
261.63238525
260.70840454
257.69268799
252.7098999
244.67630005
233.11500549
219.77810669
206.31680298
193.80780029
183.64289856
177.41369629
177.03529358
183.3565979
192.92550659
201.03179932
201.52909851
194.35189819
181.835495
168.00619507
156.57249451
148.65159607
143.74290466
139.63499451
134.83959961
129.09710693
123.62619781
119.76950073
117.92189789
118.36039734
121.82710266
130.53779602
148.1000061
171.15229797
194.33329773
208.94769287
210.92399597
201.0789032
183.80279541
166.84570313
154.79580688
149.3289032
148.58430481
148.98570251
148.78070068
148.09190369
148.09440613
149.18769836
151.07060242
152.64019775
153.17340088
152.90609741
152.873703
153.33630371
154.00340271
154.0809021
153.04649353
151.05310059
149.31959534
148.78289795
149.3572998
150.67390442
152.29289246
153.91969299
155.60620117
157.40170288
159.8500061
165.16940308
175.39970398
190.7223053
207.47419739
219.39219666
223.40089417
220.08799744
214.21299744
210.12739563
208.98170471
209.30690002
209.31190491
208.8164978
207.51679993
204.53469849
198.62910461
188.95449829
177.99920654
168.91349792
163.88800049
161.90800476
160.78630066
158.99789429
155.92449951
152.04589844
148.11540222
145.37460327
144.64959717
145.91569519
147.9006958
149.48660278
150.99240112
153.32679749
156.42399597
159.1072998
159.81509399
158.20339966
155.54229736
153.71440125
154.01249695
156.33700562
159.65859985
162.39309692
163.55180359
162.76170349
160.12130737
156.3789978
152.21580505
148.63110352
146.4447937
145.99819946
147.16740417
149.43249512
152.61860657
157.37710571
164.41119385
172.84309387
180.65710449
184.86129761
185.102005
182.6421051
179.72709656
177.28790283
174.65280151
170.83959961
166.32369995
162.40649414
160.18339539
159.48789978
159.40190125
159.15640259
158.2644043
156.66969299
155.13690186
156.60069275
163.07929993
173.86019897
183.92610168
187.65960693
183.24049377
173.12519836
163.83369446
158.94639587
158.98240662
161.67979431
164.62089539
166.11419678
165.87449646
165.45309448
167.12089539
174.0440979
186.24809265
202.08700562
217.6006012
229.39320374
236.08729553
236.1927948
229.81919861
217.38720703
200.34289551
182.83140564
168.41999817
158.83970642
153.49349976
150.71069336
150.13859558
151.5874939
153.47479248
154.72579956
155.41830444
156.81530762
159.09440613
160.61199951
159.5381012
156.13049316
153.46170044
155.58590698
163.54930115
176.67010498
193.17570496
211.56930542
231.32060242
251.1743927
268.5138855
280.76208496
285.50030518
284.78311157
280.68051147
275.24411011
270.65618896
267.91809082
267.06021118
266.68148804
265.15240479
261.41891479
254.4691925
243.63499451
228.15950012
208.7480011
189.31149292
173.11300659
163.46820068
159.43179321
159.18319702
160.41479492
160.44299316
158.60760498
156.84680176
158.22619629
163.15829468
169.27760315
172.36909485
170.70280457
165.33869934
159.07980347
153.88980103
150.1414032
148.03590393
147.28819275
147.82029724
149.66859436
152.39909363
155.74530029
159.3321991
162.35209656
164.10969543
164.2223053
162.81930542
160.35479736
157.19970703
153.93449402
151.36830139
149.89590454
149.58270264
150.03129578
150.76829529
151.26330566
151.44160461
151.3986969
151.25639343
150.95970154
150.37719727
149.23939514
147.66720581
146.28059387
145.64900208
146.34880066
148.21139526
150.94859314
153.99510193
156.79800415
158.75660706
158.85600281
156.79089355
152.97819519
148.3302002
143.73809814
139.61920166
136.16270447
133.72140503
133.04530334
134.7006073
138.69219971
143.62759399
148.26190186
151.5401001
153.96789551
156.80509949
161.45779419
167.85780334
174.92129517
180.77960205
183.42919922
182.31539917
177.5861969
170.43330383
163.34539795
158.8802948
160.50410461
168.83760071
183.70120239
203.75219727
224.15620422
240.01390076
244.79899597
236.72380066
219.2855072
199.28379822
