4860
4860.1
4860.2
4860.3
4860.4
4860.5
4860.6
4860.7
4860.8
4860.9
4861
4861.1
4861.2
4861.3
4861.4
4861.5
4861.6
4861.7
4861.8
4861.9
4862
4862.1
4862.2
4862.3
4862.4
4862.5
4862.6
4862.7
4862.8
4862.9
4863
4863.1
4863.2
4863.3
4863.4
4863.5
4863.6
4863.7
4863.8
4863.9
4864
4864.1
4864.2
4864.3
4864.4
4864.5
4864.6
4864.7
4864.8
4864.9
4865
4865.1
4865.2
4865.3
4865.4
4865.5
4865.6
4865.7
4865.8
4865.9
4866
4866.1
4866.2
4866.3
4866.4
4866.5
4866.6
4866.7
4866.8
4866.9
4867
4867.1
4867.2
4867.3
4867.4
4867.5
4867.6
4867.7
4867.8
4867.9
4868
4868.1
4868.2
4868.3
4868.4
4868.5
4868.6
4868.7
4868.8
4868.9
4869
4869.1
4869.2
4869.3
4869.4
4869.5
4869.6
4869.7
4869.8
4869.9
4870
4870.1
4870.2
4870.3
4870.4
4870.5
4870.6
4870.7
4870.8
4870.9
4871
4871.1
4871.2
4871.3
4871.4
4871.5
4871.6
4871.7
4871.8
4871.9
4872
4872.1
4872.2
4872.3
4872.4
4872.5
4872.6
4872.7
4872.8
4872.9
4873
4873.1
4873.2
4873.3
4873.4
4873.5
4873.6
4873.7
4873.8
4873.9
4874
4874.1
4874.2
4874.3
4874.4
4874.5
4874.6
4874.7
4874.8
4874.9
4875
4875.1
4875.2
4875.3
4875.4
4875.5
4875.6
4875.7
4875.8
4875.9
4876
4876.1
4876.2
4876.3
4876.4
4876.5
4876.6
4876.7
4876.8
4876.9
4877
4877.1
4877.2
4877.3
4877.4
4877.5
4877.6
4877.7
4877.8
4877.9
4878
4878.1
4878.2
4878.3
4878.4
4878.5
4878.6
4878.7
4878.8
4878.9
4879
4879.1
4879.2
4879.3
4879.4
4879.5
4879.6
4879.7
4879.8
4879.9
4880
4880.1
4880.2
4880.3
4880.4
4880.5
4880.6
4880.7
4880.8
4880.9
4881
4881.1
4881.2
4881.3
4881.4
4881.5
4881.6
4881.7
4881.8
4881.9
4882
4882.1
4882.2
4882.3
4882.4
4882.5
4882.6
4882.7
4882.8
4882.9
4883
4883.1
4883.2
4883.3
4883.4
4883.5
4883.6
4883.7
4883.8
4883.9
4884
4884.1
4884.2
4884.3
4884.4
4884.5
4884.6
4884.7
4884.8
4884.9
4885
4885.1
4885.2
4885.3
4885.4
4885.5
4885.6
4885.7
4885.8
4885.9
4886
4886.1
4886.2
4886.3
4886.4
4886.5
4886.6
4886.7
4886.8
4886.9
4887
4887.1
4887.2
4887.3
4887.4
4887.5
4887.6
4887.7
4887.8
4887.9
4888
4888.1
4888.2
4888.3
4888.4
4888.5
4888.6
4888.7
4888.8
4888.9
4889
4889.1
4889.2
4889.3
4889.4
4889.5
4889.6
4889.7
4889.8
4889.9
4890
4890.1
4890.2
4890.3
4890.4
4890.5
4890.6
4890.7
4890.8
4890.9
4891
4891.1
4891.2
4891.3
4891.4
4891.5
4891.6
4891.7
4891.8
4891.9
4892
4892.1
4892.2
4892.3
4892.4
4892.5
4892.6
4892.7
4892.8
4892.9
4893
4893.1
4893.2
4893.3
4893.4
4893.5
4893.6
4893.7
4893.8
4893.9
4894
4894.1
4894.2
4894.3
4894.4
4894.5
4894.6
4894.7
4894.8
4894.9
4895
4895.1
4895.2
4895.3
4895.4
4895.5
4895.6
4895.7
4895.8
4895.9
4896
4896.1
4896.2
4896.3
4896.4
4896.5
4896.6
4896.7
4896.8
4896.9
4897
4897.1
4897.2
4897.3
4897.4
4897.5
4897.6
4897.7
4897.8
4897.9
4898
4898.1
4898.2
4898.3
4898.4
4898.5
4898.6
4898.7
4898.8
4898.9
4899
4899.1
4899.2
4899.3
4899.4
4899.5
4899.6
4899.7
4899.8
4899.9
