0.0684999973
0.0676999986
0.0671999976
0.0681999996
0.0703999996
0.0732999966
0.0763999969
0.0791999996
0.0819000006
0.0839999989
0.0851999968
0.0851999968
0.0839999989
0.0819000006
0.0791999996
0.0760999992
0.0733999982
0.0715999976
0.0707999989
0.0705000013
0.0702999979
0.0698999986
0.0688000023
0.0671999976
0.0653999969
0.0639000013
0.0625
0.0610000007
0.059700001
0.0590000004
0.0593999997
0.060800001
0.0628999993
0.0654999986
0.0689999983
0.0725999996
0.0750999972
0.0751999989
0.0734999999
0.0715999976
0.0705000013
0.0705000013
0.0710000023
0.0715000033
0.0722000003
0.0732999966
0.075000003
0.077200003
0.0790999979
0.0799999982
0.0794999972
0.0782999992
0.0772999972
0.0771000013
0.0768999979
0.0764999986
0.0763000026
0.0776999965
0.0812000036
0.0878000036
0.0975999981
0.1066000015
0.1094999984
0.1026000008
0.0907000005
0.0790999979
0.070600003
0.0656000003
0.0631000027
0.0625
0.0631999969
0.0645999983
0.0662999973
0.0675999969
0.0683000013
0.0683000013
0.0680000037
0.067900002
0.068400003
0.0694999993
0.0702999979
0.070600003
0.0707999989
0.0719000027
0.0746000037
0.0784000009
0.0811000019
0.0804999992
0.0766000003
0.0710000023
0.0661000013
0.0631000027
0.0626000017
0.0643000007
0.0680999979
0.0741000026
0.0815000013
0.0892999992
0.0966000035
0.1039000005
0.1127000004
0.1248999983
0.140200004
0.1548999995
0.1645999998
0.1644999981
0.1556999981
0.1406999975
0.123999998
0.1096000001
0.0991000012
0.0922000036
0.0869999975
0.0826999992
0.0799999982
0.0800999999
0.0825000033
0.0859000012
0.0873999968
0.0856999978
0.0816999972
0.0769999996
0.0731000006
0.070100002
0.0678000003
0.0650999993
0.0617000014
0.0577000007
0.0538999997
0.050999999
0.0494999997
0.0498999991
0.0518999994
0.055399999
0.0601999983
0.066399999
0.074500002
0.0844999999
0.0929000005
0.0949999988
0.0885000005
0.0790000036
0.0709000006
0.0665000007
0.0653999969
0.066200003
0.067400001
0.0675999969
0.0671000034
0.0661000013
0.0653000027
0.0650999993
0.0658000037
0.067400001
0.0693000033
0.070600003
0.0702000037
0.0683000013
0.0659999996
0.0645999983
0.0649999976
0.0671000034
0.0702000037
0.0732999966
0.0754000023
0.0764999986
0.0768000036
0.0771000013
0.0781000033
0.0800999999
0.0832000002
0.0879999995
0.0957000032
0.1048000008
0.1116999984
0.1116999984
0.1058000028
0.0987000018
0.0936999992
0.0916000009
0.0913000032
0.0914999992
0.0918999985
0.0918999985
0.0908000022
0.0878000036
0.0834000036
0.0786999986
0.0749000013
0.0724999979
0.0716999993
0.071800001
0.0720999986
0.0719000027
0.0709000006
0.0694999993
0.0683000013
0.067900002
0.0680000037
0.0683000013
0.0687000006
0.069600001
0.0710000023
0.0727000013
0.0737000033
0.0737000033
0.072800003
0.0715000033
0.070100002
0.0688999966
0.0683000013
0.068400003
0.0687000006
0.0688999966
0.068599999
0.067900002
0.0666999966
0.065200001
0.0637999997
0.063000001
0.0636000037
0.065700002
0.0691
0.0737000033
0.0784000009
0.0813999996
0.0813999996
0.0788000003
0.0755999982
0.0732999966
0.072300002
0.0715999976
0.070600003
0.0692000017
0.0675999969
0.0661000013
0.0649000034
0.0644000024
0.0647
0.0665000007
0.0700000003
0.0750999972
0.0816999972
0.0885000005
0.0934000015
0.0944999978
0.0914999992
0.0869000033
0.0825999975
0.0798999965
0.0784000009
0.0777999982
0.0776999965
0.077200003
0.0764999986
0.0759000033
0.0768000036
0.0802000016
0.0878999978
0.1010000035
0.117899999
0.1343999952
0.1409000009
0.1342000067
0.1185000017
0.1014000028
0.0877000019
0.0785000026
0.0737999976
0.071800001
0.0709000006
0.0702000037
0.0693999976
0.0687000006
0.0680999979
0.0670000017
0.0653999969
0.0637999997
0.0627000034
0.0623000003
0.0626000017
0.0636000037
0.065700002
0.0693000033
0.0756999999
0.0854000002
0.0986000001
0.1162
0.1377999932
0.1615000069
0.1835000068
0.198300004
0.2048999965
0.2053000033
0.2025000006
0.1988999993
0.1949999928
0.1911000013
0.1865999997
0.1801999956
0.1701000035
0.1565999985
0.1406999975
0.1235999987
0.1072999984
0.0929000005
0.0815000013
0.0737999976
0.0693000033
0.067400001
0.0672999993
0.0680999979
0.0691
0.0697000027
0.069600001
0.0687000006
0.067400001
0.0662999973
0.0654999986
0.0647
0.0637999997
0.063000001
0.0627000034
0.0632999986
0.0644999966
0.0659999996
0.0671000034
0.0676999986
0.0678000003
0.067400001
0.0665000007
0.0656000003
0.0649000034
0.0645999983
0.0649000034
0.065200001
0.065200001
0.0649000034
0.064199999
0.0636000037
0.0631000027
0.0627999976
0.063000001
0.063699998
0.0647
0.0653999969
0.0653999969
0.0644000024
0.0628999993
0.0612999983
0.0599999987
0.0588999987
0.0581
0.057500001
0.0571000017
0.0568000004
0.0562999994
0.0553000011
0.0537
0.0522999987
0.0518000014
0.0524999984
0.0537
0.0549999997
0.0557000004
0.0557999983
0.0555000007
0.0549999997
0.0544999987
0.0542000011
0.054299999
0.0549000017
0.0559
0.057
0.0577999987
0.0579000004
0.0573999994
0.0568000004
0.0571999997
0.0593999997
0.0644999966
0.0728999972
0.0839999989
0.0969000012
0.1098000035
0.1208000034
0.1273999959
0.1268000007
0.1194999963
0.1081999987
0.0979000032
0.0922000036
0.0931999981
0.1032999977
0.1186000034
0.1318999976
0.1349000037
0.1290999949
0.1190000027
0.1070000008
