61.802898407
61.869499207
61.901199341
61.943000793
61.988201141
62.033798218
62.051101685
61.936401367
61.713100433
61.583999634
61.511699677
61.497299194
61.642700195
61.765300751
61.854301453
61.945201874
62.003501892
62.012798309
62.019798279
62.02519989
62.027999878
61.961101532
61.891101837
61.847198486
61.86869812
61.904499054
61.928798676
61.883899689
61.797901154
61.651699066
61.531398773
61.434700012
61.39899826
61.346698761
61.287700653
61.25220108
61.257701874
61.296901703
61.41009903
61.532699585
61.662200928
61.725399017
61.752601624
61.742401123
61.623001099
61.458099365
61.240501404
61.019298553
60.792900085
60.558898926
60.510398865
60.559700012
60.741500854
61.097301483
61.488700867
61.876701355
62.28950119
62.644901276
62.8083992
62.856899261
62.830898285
62.682201385
62.551799774
62.422100067
62.250598907
62.106998444
61.971199036
61.765800476
61.608299255
61.488800049
61.430301666
61.348400116
61.243801117
60.938800812
60.630298615
60.318099976
59.968898773
59.691501617
59.507301331
59.512699127
59.579399109
59.714000702
59.887001038
60.062698364
60.232398987
60.50799942
60.797798157
61.066101074
61.081100464
60.94670105
60.586601257
60.377300262
60.258598328
60.272201538
60.568199158
61.044498444
61.77130127
62.881099701
64.239898682
65.788803101
67.496696472
69.28440094
70.476097107
71.335601807
71.898498535
71.651000977
71.145301819
70.362297058
69.234802246
67.933296204
66.425003052
65.060699463
63.805099487
62.699199677
62.016601563
61.513999939
61.231300354
61.06760025
60.96680069
60.953701019
61.085899353
61.254398346
61.399799347
61.595001221
61.76789856
61.770198822
61.815700531
61.877399445
61.910598755
61.928501129
61.949199677
62.077598572
62.266899109
62.498100281
62.676200867
62.731601715
62.677501678
62.384498596
62.046001434
61.657100677
61.482601166
61.321300507
61.164199829
61.236198425
61.276500702
61.228801727
61.243598938
61.2602005
61.260299683
61.40430069
61.538200378
61.564899445
61.473701477
61.390300751
61.44670105
61.488300323
61.52809906
61.584499359
61.484699249
61.31880188
61.22259903
61.143199921
61.101501465
61.319801331
61.508899689
61.680198669
61.926898956
62.130298615
62.294300079
62.657600403
62.992198944
63.295200348
63.449501038
63.557598114
63.613700867
63.538700104
63.419399261
63.250400543
62.878200531
62.484500885
62.116600037
61.710800171
61.326499939
61.018901825
60.799900055
60.685199738
60.817798615
61.016998291
61.243598938
61.471698761
61.609500885
61.69039917
61.702899933
61.74489975
61.808300018
61.902599335
61.960300446
61.989700317
62.004199982
61.991901398
61.954498291
61.79240036
61.62210083
61.44329834
61.500701904
61.550800323
61.573200226
61.513000488
61.372600555
61.114498138
60.948699951
60.802799225
60.664901733
60.708000183
60.788101196
60.84980011
61.016899109
61.193599701
61.290100098
61.394699097
61.497501373
61.577400208
61.628200531
61.640201569
61.502300262
61.303398132
61.074699402
60.939399719
60.81129837
60.693000793
60.676998138
60.768798828
60.963100433
61.295398712
61.629001617
61.961200714
62.155700684
62.302101135
62.393299103
62.439201355
62.505599976
62.615600586
62.709899902
62.804199219
62.904598236
62.998600006
63.072399139
63.097000122
63.125701904
63.133098602
63.063899994
62.969898224
62.869598389
62.787799835
62.814399719
62.920700073
63.178100586
63.632301331
64.220497131
64.889297485
65.364196777
65.67590332
65.694702148
65.566802979
65.299102783
64.847900391
64.326797485
63.727600098
63.221698761
62.782100677
62.427501678
62.331199646
62.274799347
62.233398438
61.998199463
61.694400787
61.320598602
60.950199127
60.66350174
60.59859848
60.847400665
61.277198792
61.967399597
63.022098541
64.285003662
65.791496277
67.543403625
69.418403625
71.239601135
72.892402649
74.407203674
75.603401184
76.545600891
77.265800476
77.412399292
77.256500244
76.807502747
75.85949707
74.80380249
73.631202698
72.217498779
70.680801392
68.992301941
67.436500549
66.071899414
65.012001038
64.339302063
63.812999725
63.444301605
63.284801483
63.172901154
63.040901184
62.872501373
62.669700623
62.388698578
62.089199066
61.800098419
61.599399567
61.462501526
61.374401093
61.386398315
61.421699524
61.472099304
61.517398834
61.545398712
61.55670166
61.471000671
61.396800995
61.333900452
61.402599335
61.529098511
61.721099854
61.911499023
62.122501373
62.363700867
62.579299927
62.750900269
62.850299835
62.803798676
62.707099915
62.562900543
62.349601746
62.124000549
61.91619873
61.861198425
61.867900848
61.90309906
61.978900909
62.029701233
61.867198944
61.756698608
61.666000366
61.509899139
61.401199341
61.322399139
61.215198517
61.133598328
61.071399689
60.933200836
60.832698822
60.769798279
60.610198975
60.499698639
60.451499939
60.519699097
60.638599396
60.819198608
60.903301239
60.925300598
60.858798981
60.688999176
60.53099823
60.446601868
60.480098724
60.558700562
60.6731987
60.715301514
60.770999908
60.974201202
61.218601227
61.539001465
62.150901794
62.698299408
63.176399231
63.401100159
63.516201019
63.55739975
63.620300293
63.781101227
64.024902344
64.324203491
64.622901917
64.920898438
65.309898376
65.715896606
66.139602661
66.280296326
66.234596252
65.944099426
65.277801514
